                                  Open         High          Low        Close   Volume  Dividends  Stock Splits
Date                                                                                                           
2026-02-27 00:00:00+05:30  2681.600098  2688.600098  2626.100098  2637.399902  5083717        0.0           0.0
2026-03-02 00:00:00+05:30  2592.000000  2623.800049  2580.300049  2613.500000  3374385        0.0           0.0
2026-03-04 00:00:00+05:30  2625.000000  2635.000000  2580.399902  2587.800049  3446434        0.0           0.0
2026-03-05 00:00:00+05:30  2600.000000  2609.500000  2546.399902  2578.800049  2960636        0.0           0.0
2026-03-06 00:00:00+05:30  2572.000000  2619.199951  2553.600098  2557.600098  3998643        0.0           0.0
2026-03-09 00:00:00+05:30  2530.000000  2560.000000  2505.000000  2527.399902  3653428        0.0           0.0
2026-03-10 00:00:00+05:30  2541.000000  2545.199951  2490.100098  2513.100098  4323710        0.0           0.0
2026-03-11 00:00:00+05:30  2508.100098  2521.000000  2460.100098  2464.899902  2720664        0.0           0.0
2026-03-12 00:00:00+05:30  2459.800049  2472.899902  2436.000000  2442.399902  2752075        0.0           0.0
2026-03-13 00:00:00+05:30  2437.000000  2445.899902  2397.000000  2410.500000  2466488        0.0           0.0
2026-03-16 00:00:00+05:30  2410.000000  2425.000000  2366.100098  2409.199951  3807907        0.0           0.0
2026-03-17 00:00:00+05:30  2420.000000  2420.000000  2360.000000  2391.699951  2993367        0.0           0.0
2026-03-18 00:00:00+05:30  2410.000000  2482.899902  2410.000000  2440.800049  3082388        0.0           0.0
2026-03-19 00:00:00+05:30  2417.000000  2424.000000  2350.199951  2356.000000  2757060        0.0           0.0
2026-03-20 00:00:00+05:30  2386.000000  2407.800049  2364.199951  2390.600098  4206320        0.0           0.0
2026-03-23 00:00:00+05:30  2365.000000  2406.800049  2348.000000  2383.800049  3860515        0.0           0.0
2026-03-24 00:00:00+05:30  2404.100098  2435.399902  2379.100098  2398.800049  3420182        0.0           0.0
2026-03-25 00:00:00+05:30  2400.899902  2421.600098  2369.800049  2377.399902  5843778        0.0           0.0
2026-03-27 00:00:00+05:30  2403.899902  2422.100098  2385.000000  2389.800049  4979411        0.0           0.0